X_values
0.84,	69,	270.1
0.45,	22,	422.5
0.02,	56,	594.7
0.97,	68,	50.5
0.03,	78,	543.2
0.55,	48,	259
0.68,	98,	921.2
0.58,	4,	400.4
0.53,	9,	487.5
0.51,	94,	732.6
0.04,	79,	466.4
0.33,	64,	669.7
0.46,	13,	430.1
0.43,	35,	299.5
0.12,	7,	795.1
0.7,	74,	824.8
0.32,	54,	121.4
0.25,	37,	7.7
0.14,	78,	850.1
0.28,	80,	809.1
0.14,	81,	8.6

y_values
-268.527
731.625
685.911
-787.095
263.886
-15.48
920.226
922.482
1066.035
513.888
63.882
763.881
871.713
256.995
1835.583
1010.214
-433.608
-481.239
1010.973
886.023
-1074.372